27  retain2 704 70 775 393 779 467 20 26 92 
28  retain2 704 70 775 393 779 467 20 855 26 92 
29  retain2 704 642 70 775 393 779 467 20 855 26 92 291 
30  retain2 704 642 70 775 393 779 467 20 855 26 92 291 
31  retain2 704 385 642 70 775 393 779 467 20 855 26 92 291 487 
32  retain2 704 385 642 70 775 393 779 14 467 20 855 26 92 291 487 938 
33  retain2 704 385 642 70 775 393 779 14 467 20 855 26 92 802 291 487 938 876 
34  retain2 704 385 642 453 70 775 393 779 14 467 20 855 26 92 802 291 487 938 876 751 
35  retain2 704 385 642 453 70 775 393 779 14 467 20 855 26 92 862 802 931 291 487 938 876 751 883 820 
36  retain2 704 385 642 453 70 775 393 779 14 83 467 20 855 26 92 862 802 931 291 487 938 876 751 883 820 950 
37  retain2 704 385 642 453 70 775 393 779 14 83 467 404 20 855 26 92 862 802 931 291 614 487 938 876 751 883 820 950 631 
38  retain2 704 385 642 453 70 775 393 779 14 657 83 467 404 20 855 26 92 862 802 931 291 614 487 232 938 876 751 883 820 950 631 184 
39  retain2 704 385 642 453 70 775 393 779 14 657 83 467 404 20 855 664 26 92 862 802 931 291 614 487 232 938 490 876 751 883 820 950 631 184 382 
40  retain2 704 385 642 453 70 775 393 779 14 657 83 467 404 20 469 855 664 26 92 862 802 931 291 614 487 232 938 490 44 876 751 883 820 950 631 184 382 319 
41  retain2 704 385 642 453 70 775 393 779 14 657 83 467 404 20 469 855 664 26 92 862 802 931 291 99 614 487 232 938 490 44 876 751 883 820 950 631 184 765 382 319 511 